1 Jessica 302962 1.5436
2 Ashley 301702 1.5372
3 Emily 237133 1.2082
4 Sarah 224000 1.1413
5 Samantha 223913 1.1408
6 Amanda 190901 0.9726
7 Brittany 190779 0.9720
8 Elizabeth 172383 0.8783
9 Taylor 168977 0.8609
10 Megan 160312 0.8168
11 Hannah 158647 0.8083
12 Kayla 155844 0.7940
13 Lauren 153530 0.7822
14 Stephanie 149725 0.7628
15 Rachel 148907 0.7587
16 Jennifer 147948 0.7538
17 Nicole 136033 0.6931
18 Alexis 131117 0.6680
19 Victoria 117386 0.5981
20 Amber 115551 0.5887
21 Alyssa 115213 0.5870
22 Courtney 113257 0.5770
23 Danielle 109541 0.5581
24 Rebecca 109514 0.5580
25 Jasmine 105247 0.5362
26 Brianna 99046 0.5046
27 Katherine 96812 0.4933
28 Alexandra 94743 0.4827
29 Madison 91870 0.4681
30 Morgan 91162 0.4645
31 Melissa 89932 0.4582
32 Michelle 86458 0.4405
33 Kelsey 85120 0.4337
34 Chelsea 84781 0.4320
35 Anna 78320 0.3990
36 Kimberly 77846 0.3966
37 Tiffany 77493 0.3948
38 Olivia 75854 0.3865
39 Mary 75247 0.3834
40 Christina 74601 0.3801
41 Allison 74398 0.3791
42 Abigail 72691 0.3704
43 Sara 72064 0.3672
44 Shelby 71974 0.3667
45 Heather 71603 0.3648
46 Haley 71168 0.3626
47 Maria 70741 0.3604
48 Kaitlyn 67544 0.3441
49 Laura 67109 0.3419
50 Erin 65312 0.3328
51 Andrea 65183 0.3321
52 Natalie 63348 0.3228
53 Jordan 61736 0.3145
54 Brooke 60614 0.3088
55 Julia 59899 0.3052
56 Emma 57961 0.2953
57 Vanessa 57868 0.2948
58 Erica 55740 0.2840
59 Sydney 55737 0.2840
60 Kelly 55710 0.2838
61 Kristen 53066 0.2704
62 Katelyn 52795 0.2690
63 Marissa 51191 0.2608
64 Amy 51141 0.2606
65 Crystal 51055 0.2601
66 Paige 50539 0.2575
67 Cassandra 50342 0.2565
68 Gabrielle 49787 0.2537
69 Katie 49168 0.2505
70 Caitlin 49011 0.2497
71 Lindsey 48968 0.2495
72 Destiny 48199 0.2456
73 Kathryn 47111 0.2400
74 Jacqueline 46051 0.2346
75 Shannon 45900 0.2339
76 Jenna 45839 0.2335
77 Angela 45134 0.2300
78 Savannah 44685 0.2277
79 Mariah 44570 0.2271
80 Alexandria 44194 0.2252
81 Sierra 43603 0.2222
82 Alicia 43463 0.2214
83 Briana 42781 0.2180
84 Miranda 42207 0.2150
85 Jamie 41425 0.2111
86 Catherine 40718 0.2075
87 Brittney 40018 0.2039
88 Breanna 40011 0.2039
89 Grace 39814 0.2029
90 Monica 38866 0.1980
91 Sabrina 38638 0.1969
92 Madeline 36949 0.1883
93 Caroline 36789 0.1874
94 Molly 36540 0.1862
95 Erika 35055 0.1786
96 Mackenzie 34769 0.1771
97 Leah 34040 0.1734
98 Diana 33747 0.1719
99 Whitney 32877 0.1675
100 Cheyenne 31825 0.1621
101 Bailey 31608 0.1610
102 Christine 31581 0.1609
103 Meghan 31486 0.1604
104 Lindsay 31371 0.1598
105 Cynthia 31303 0.1595
106 Angelica 31296 0.1595
107 Margaret 31252 0.1592
108 Kaitlin 30812 0.1570
109 Alexa 30292 0.1543
110 Hailey 30281 0.1543
111 Veronica 29837 0.1520
112 Melanie 29339 0.1495
113 Bianca 28538 0.1454
114 Ariel 28127 0.1433
115 Autumn 28126 0.1433
116 Kristin 27821 0.1417
117 Bethany 27724 0.1413
118 Lisa 27418 0.1397
119 Kristina 27230 0.1387
120 Holly 27058 0.1379
121 Leslie 26756 0.1363
122 Casey 25892 0.1319
123 Chloe 25837 0.1316
124 April 25746 0.1312
125 Julie 25409 0.1295
126 Claire 25288 0.1288
127 Kaylee 25204 0.1284
128 Brenda 24911 0.1269
129 Kathleen 24835 0.1265
130 Rachael 24501 0.1248
131 Karen 24481 0.1247
132 Sophia 24471 0.1247
133 Patricia 24112 0.1228
134 Gabriela 24059 0.1226
135 Kendra 23962 0.1221
136 Dominique 23627 0.1204
137 Kara 23508 0.1198
138 Desiree 23479 0.1196
139 Ana 23474 0.1196
140 Tara 23363 0.1190
141 Michaela 23156 0.1180
142 Brandi 22949 0.1169
143 Carly 22783 0.1161
144 Kylie 22724 0.1158
145 Karina 22591 0.1151
146 Adriana 22318 0.1137
147 Valerie 21993 0.1121
148 Caitlyn 21985 0.1120
149 Natasha 21957 0.1119
150 Hayley 21847 0.1113
151 Rebekah 20879 0.1064
152 Jocelyn 20863 0.1063
153 Cassidy 20652 0.1052
154 Jade 20387 0.1039
155 Gabriella 20145 0.1026
156 Makayla 20062 0.1022
157 Daisy 19975 0.1018
158 Alison 19723 0.1005
159 Jillian 19723 0.1005
160 Audrey 19513 0.0994
161 Faith 19501 0.0994
162 Angel 19479 0.0992
163 Nancy 19432 0.0990
164 Dana 19278 0.0982
165 Krystal 19070 0.0972
166 Alejandra 18975 0.0967
167 Ariana 18847 0.0960
168 Summer 18791 0.0957
169 Mikayla 18738 0.0955
170 Isabella 18720 0.0954
171 Raven 18495 0.0942
172 Katrina 18385 0.0937
173 Kiara 17812 0.0908
174 Sandra 17620 0.0898
175 Meagan 17104 0.0871
176 Kirsten 16875 0.0860
177 Chelsey 16832 0.0858
178 Lydia 16821 0.0857
179 Zoe 16781 0.0855
180 Monique 16757 0.0854
181 Claudia 16489 0.0840
182 Mallory 16468 0.0839
183 Joanna 16259 0.0828
184 Deanna 16211 0.0826
185 Isabel 16091 0.0820
186 Ashlee 15968 0.0814
187 Felicia 15630 0.0796
188 Marisa 15529 0.0791
189 Mckenzie 15282 0.0779
190 Mercedes 15281 0.0779
191 Jasmin 15217 0.0775
192 Krista 15208 0.0775
193 Yesenia 15163 0.0773
194 Diamond 15150 0.0772
195 Evelyn 15116 0.0770
196 Cindy 15030 0.0766
197 Selena 15027 0.0766
198 Brandy 14895 0.0759
199 Gina 14874 0.0758
200 Mia 14608 0.0744
201 Bridget 14585 0.0743
202 Tori 14530 0.0740
203 Kassandra 14520 0.0740
204 Alisha 14508 0.0739
205 Priscilla 14474 0.0737
206 Anne 14463 0.0737
207 Hope 14285 0.0728
208 Cierra 14053 0.0716
209 Maya 13945 0.0710
210 Abby 13865 0.0706
211 Lacey 13842 0.0705
212 Denise 13733 0.0700
213 Tabitha 13671 0.0697
214 Amelia 13528 0.0689
215 Jazmin 13309 0.0678
216 Allyson 13260 0.0676
217 Ashleigh 13189 0.0672
218 Cristina 13106 0.0668
219 Hanna 13068 0.0666
220 Ciara 13056 0.0665
221 Colleen 12922 0.0658
222 Carolyn 12866 0.0656
223 Karla 12847 0.0655
224 Naomi 12807 0.0653
225 Meredith 12773 0.0651
226 Linda 12768 0.0651
227 Jazmine 12664 0.0645
228 Jaclyn 12657 0.0645
229 Asia 12650 0.0645
230 Kendall 12630 0.0643
231 Daniela 12155 0.0619
232 Britney 12058 0.0614
233 Tessa 12032 0.0613
234 Arianna 11949 0.0609
235 Teresa 11949 0.0609
236 Guadalupe 11859 0.0604
237 Tatiana 11669 0.0595
238 Adrianna 11559 0.0589
239 Nina 11529 0.0587
240 Nichole 11527 0.0587
241 Candace 11516 0.0587
242 Jada 11417 0.0582
243 Kasey 11407 0.0581
244 Ellen 11319 0.0577
245 Katelynn 11301 0.0576
246 Lillian 11220 0.0572
247 Carmen 11147 0.0568
248 Mayra 11134 0.0567
249 Maggie 11088 0.0565
250 Wendy 11079 0.0564
251 Renee 11077 0.0564
252 Rosa 11039 0.0562
253 Raquel 10952 0.0558
254 Aubrey 10899 0.0555
255 Justine 10898 0.0555
256 Tiara 10888 0.0555
257 Alissa 10798 0.0550
258 Heidi 10789 0.0550
259 Susan 10779 0.0549
260 Katlyn 10715 0.0546
261 Tamara 10680 0.0544
262 Theresa 10590 0.0540
263 Jordyn 10585 0.0539
264 Clarissa 10584 0.0539
265 Ashlyn 10575 0.0539
266 Ruby 10523 0.0536
267 Camille 10446 0.0532
268 Kiana 10353 0.0527
269 Carrie 10313 0.0525
270 Esmeralda 10274 0.0523
271 Kelli 10233 0.0521
272 Riley 10224 0.0521
273 Angelina 10195 0.0519
274 Ebony 10171 0.0518
275 Marina 10159 0.0518
276 Jenny 10134 0.0516
277 Jessie 10130 0.0516
278 Cecilia 10104 0.0515
279 Alexus 10043 0.0512
280 Jacquelyn 10027 0.0511
281 Miriam 9921 0.0505
282 Virginia 9865 0.0503
283 Candice 9856 0.0502
284 Cara 9835 0.0501
285 Carolina 9824 0.0501
286 Celeste 9801 0.0499
287 Marie 9773 0.0498
288 Gloria 9769 0.0498
289 Lily 9755 0.0497
290 Kelsie 9708 0.0495
291 Elise 9706 0.0495
292 Tia 9689 0.0494
293 Charlotte 9669 0.0493
294 Janet 9642 0.0491
295 Martha 9560 0.0487
296 Elena 9486 0.0483
297 Cassie 9441 0.0481
298 Callie 9394 0.0479
299 Kate 9343 0.0476
300 Shayla 9272 0.0472
301 Alana 9216 0.0470
302 Esther 9215 0.0469
303 Brenna 9199 0.0469
304 Dakota 9141 0.0466
305 Kylee 9124 0.0465
306 Skylar 9092 0.0463
307 Savanna 9044 0.0461
308 Alexia 9032 0.0460
309 Kyra 8938 0.0455
310 Madeleine 8918 0.0454
311 Vivian 8847 0.0451
312 Stacy 8833 0.0450
313 Carissa 8814 0.0449
314 Stacey 8740 0.0445
315 Hillary 8718 0.0444
316 Ashton 8685 0.0442
317 Tiana 8680 0.0442
318 Genesis 8678 0.0442
319 Barbara 8658 0.0441
320 Madelyn 8637 0.0440
321 Ruth 8625 0.0439
322 Annie 8536 0.0435
323 Sadie 8521 0.0434
324 Alondra 8512 0.0434
325 Robin 8495 0.0433
326 Arielle 8490 0.0433
327 Anastasia 8487 0.0432
328 Janelle 8482 0.0432
329 Brooklyn 8477 0.0432
330 Rose 8468